R(C4,4)| 1 2 3 4  5  6  7  8 9|   
-------+----------------------+---
      0| 1 1 1                |3  
      1|   1 1 1              |3  
      2|     1 2  1           |4  
      3|     1 3  3  1        |8  
      4|       1  4  2        |7  
      5|          4  6  1     |11 
      6|          1  9  4     |14 
      7|             4  9  1  |14 
      8|               11  3  |14 
      9|                5  6 1|12 
     10|                   9 1|10 
     11|                   3 2|5  
     12|                     3|3  
     13|                     1|1  
-------+----------------------+---
       | 1 2 4 7 13 22 30 22 8|109
