R(C5,3)| 1 2 3 4 5 6 7 8|  
-------+----------------+--
      0| 1 1            |2 
      1|   1 1          |2 
      2|     1 1        |2 
      3|     1 2        |3 
      4|       2 1      |3 
      5|       1 1      |2 
      6|       1 3 1    |5 
      7|         1 2    |3 
      8|           2    |2 
      9|           1 1  |2 
     10|             1  |1 
     11|             1  |1 
     12|             1 1|2 
     13|               1|1 
-------+----------------+--
       | 1 2 3 7 6 6 4 2|31
